Material:
  AlbedoColor: [0.977876127, 0.977876127, 0.977876127, 0.36470589]
  Emission: 0
  IOR: 1.52999997
  UseNormalMap: false
  Metalness: 1
  Roughness: 0
  AlbedoMap: 0
  NormalMap: 0
  MetalnessMap: 0
  RoughnessMap: 0
  MaterialFlags: 26