Material:
  AlbedoColor: [0.800000012, 0.800000012, 0.800000012, 1]
  Emission: 0
  IOR: 1
  UseNormalMap: false
  Metalness: 0
  Roughness: 0.400000006
  AlbedoMap: 0
  NormalMap: 0
  MetalnessMap: 0
  RoughnessMap: 0
  MaterialFlags: 2